All	all_regions		0	1.0	163491	163491
All	all_regions		1	1.0	163491	17598
All	all_regions		2	0.9862867069135304	161249	15356
All	all_regions		3	0.9448776996898912	154479	11971
All	all_regions		4	0.9301796429161239	152076	11170
All	all_regions		5	0.879779315069331	143836	9110
All	all_regions		7	0.8090170101106483	132267	7113
All	all_regions		10	0.7405361763032827	121071	5698
All	all_regions		20	0.47637484632181587	77883	2421
All	all_regions		30	0.28703720694105483	46928	1095
1	chr1:155053224-155053275		0	1.0	10	10
1	chr1:155053224-155053275		1	1.0	10	3
1	chr1:155053224-155053275		2	1.0	10	3
1	chr1:155053224-155053275		3	0.8	8	2
1	chr1:155053224-155053275		4	0.8	8	2
1	chr1:155053224-155053275		5	0.0	0	0
1	chr1:155053224-155053275		7	0.0	0	0
1	chr1:155053224-155053275		10	0.0	0	0
1	chr1:155053224-155053275		20	0.0	0	0
1	chr1:155053224-155053275		30	0.0	0	0
6	chr2:32916227-32916420		0	1.0	3747	3747
6	chr2:32916227-32916420		1	1.0	3747	1974
6	chr2:32916227-32916420		2	0.692020282892981	2593	820
6	chr2:32916227-32916420		3	0.48865759274085935	1831	439
6	chr2:32916227-32916420		4	0.31251668001067523	1171	219
6	chr2:32916227-32916420		5	0.2175073392046971	815	130
6	chr2:32916227-32916420		7	0.08460101414464906	317	36
6	chr2:32916227-32916420		10	0.033893781692020286	127	10
6	chr2:32916227-32916420		20	0.00773952495329597	29	1
6	chr2:32916227-32916420		30	0.0	0	0
7	chr2:32916338-32916571		0	1.0	5290	5290
7	chr2:32916338-32916571		1	1.0	5290	1151
7	chr2:32916338-32916571		2	0.9395085066162571	4970	831
7	chr2:32916338-32916571		3	0.9069943289224953	4798	745
7	chr2:32916338-32916571		4	0.8389413988657844	4438	625
7	chr2:32916338-32916571		5	0.7270321361058601	3846	477
7	chr2:32916338-32916571		7	0.5383742911153119	2848	292
7	chr2:32916338-32916571		10	0.28733459357277885	1520	122
7	chr2:32916338-32916571		20	0.008128544423440454	43	2
7	chr2:32916338-32916571		30	0.0	0	0
8	chr2:32916466-32916626		0	1.0	11511	11511
8	chr2:32916466-32916626		1	1.0	11511	3350
8	chr2:32916466-32916626		2	0.9462253496655373	10892	2731
8	chr2:32916466-32916626		3	0.7738684736339154	8908	1739
8	chr2:32916466-32916626		4	0.6545043871079836	7534	1281
8	chr2:32916466-32916626		5	0.48770741030318826	5614	801
8	chr2:32916466-32916626		7	0.2768656068108766	3187	358
8	chr2:32916466-32916626		10	0.10780992094518287	1241	105
8	chr2:32916466-32916626		20	0.00425679784553905	49	2
8	chr2:32916466-32916626		30	0.0	0	0
10	chr3:179203725-179203813		0	1.0	20157	20157
10	chr3:179203725-179203813		1	1.0	20157	1908
10	chr3:179203725-179203813		2	1.0	20157	1908
10	chr3:179203725-179203813		3	0.9600138909559954	19351	1505
10	chr3:179203725-179203813		4	0.9600138909559954	19351	1505
10	chr3:179203725-179203813		5	0.9082204693158704	18307	1244
10	chr3:179203725-179203813		7	0.8394602371384631	16921	1013
10	chr3:179203725-179203813		10	0.7675249293049561	15471	832
10	chr3:179203725-179203813		20	0.42496403234608326	8566	306
10	chr3:179203725-179203813		30	0.1856923153247011	3743	99
11	chr3:179210117-179210321		0	1.0	15309	15309
11	chr3:179210117-179210321		1	1.0	15309	1392
11	chr3:179210117-179210321		2	1.0	15309	1392
11	chr3:179210117-179210321		3	0.9776601998824221	14967	1221
11	chr3:179210117-179210321		4	0.977464236723496	14964	1220
11	chr3:179210117-179210321		5	0.9228558364360834	14128	1011
11	chr3:179210117-179210321		7	0.8430335097001763	12906	807
11	chr3:179210117-179210321		10	0.7741197988111569	11851	675
11	chr3:179210117-179210321		20	0.39042393363381017	5977	221
11	chr3:179210117-179210321		30	0.14821346920112352	2269	59
12	chr3:179210238-179210325		0	1.0	45574	45574
12	chr3:179210238-179210325		1	1.0	45574	2705
12	chr3:179210238-179210325		2	1.0	45574	2705
12	chr3:179210238-179210325		3	0.9856497125554043	44920	2378
12	chr3:179210238-179210325		4	0.9856497125554043	44920	2378
12	chr3:179210238-179210325		5	0.9619519901698337	43840	2108
12	chr3:179210238-179210325		7	0.929718699258349	42371	1863
12	chr3:179210238-179210325		10	0.8898275332426383	40553	1636
12	chr3:179210238-179210325		20	0.6579189888971783	29984	852
12	chr3:179210238-179210325		30	0.454228288058981	20701	457
13	chr3:179218252-179218354		0	1.0	26409	26409
13	chr3:179218252-179218354		1	1.0	26409	2300
13	chr3:179218252-179218354		2	0.9999242682418872	26407	2298
13	chr3:179218252-179218354		3	0.9631186337990837	25435	1812
13	chr3:179218252-179218354		4	0.9631186337990837	25435	1812
13	chr3:179218252-179218354		5	0.9193456776099057	24279	1523
13	chr3:179218252-179218354		7	0.8534969139308569	22540	1233
13	chr3:179218252-179218354		10	0.7847324775644666	20724	1006
13	chr3:179218252-179218354		20	0.49536142981559317	13082	434
13	chr3:179218252-179218354		30	0.2755121360142376	7276	183
14	chr3:179234246-179234330		0	1.0	34606	34606
14	chr3:179234246-179234330		1	1.0	34606	2549
14	chr3:179234246-179234330		2	0.9999133098306652	34603	2546
14	chr3:179234246-179234330		3	0.9714789342888517	33619	2054
14	chr3:179234246-179234330		4	0.9714789342888517	33619	2054
14	chr3:179234246-179234330		5	0.9373808010171647	32439	1759
14	chr3:179234246-179234330		7	0.8879674044963302	30729	1474
14	chr3:179234246-179234330		10	0.8447090099982661	29232	1287
14	chr3:179234246-179234330		20	0.580448477142692	20087	600
14	chr3:179234246-179234330		30	0.3738947003409813	12939	297
15	chr7:106101435-106101475		0	1.0	174	174
15	chr7:106101435-106101475		1	1.0	174	155
15	chr7:106101435-106101475		2	0.20689655172413793	36	17
15	chr7:106101435-106101475		3	0.034482758620689655	6	2
15	chr7:106101435-106101475		4	0.0	0	0
15	chr7:106101435-106101475		5	0.0	0	0
15	chr7:106101435-106101475		7	0.0	0	0
15	chr7:106101435-106101475		10	0.0	0	0
15	chr7:106101435-106101475		20	0.0	0	0
15	chr7:106101435-106101475		30	0.0	0	0
16	chr8:112318869-112318971		0	1.0	8	8
16	chr8:112318869-112318971		1	1.0	8	1
16	chr8:112318869-112318971		2	1.0	8	1
16	chr8:112318869-112318971		3	1.0	8	1
16	chr8:112318869-112318971		4	1.0	8	1
16	chr8:112318869-112318971		5	1.0	8	1
16	chr8:112318869-112318971		7	1.0	8	1
16	chr8:112318869-112318971		10	0.0	0	0
16	chr8:112318869-112318971		20	0.0	0	0
16	chr8:112318869-112318971		30	0.0	0	0
2	chr11:28749175-28749241		0	1.0	10	10
2	chr11:28749175-28749241		1	1.0	10	1
2	chr11:28749175-28749241		2	1.0	10	1
2	chr11:28749175-28749241		3	1.0	10	1
2	chr11:28749175-28749241		4	1.0	10	1
2	chr11:28749175-28749241		5	1.0	10	1
2	chr11:28749175-28749241		7	1.0	10	1
2	chr11:28749175-28749241		10	1.0	10	1
2	chr11:28749175-28749241		20	0.0	0	0
2	chr11:28749175-28749241		30	0.0	0	0
3	chr12:49037154-49037239		0	1.0	14	14
3	chr12:49037154-49037239		1	1.0	14	1
3	chr12:49037154-49037239		2	1.0	14	1
3	chr12:49037154-49037239		3	1.0	14	1
3	chr12:49037154-49037239		4	1.0	14	1
3	chr12:49037154-49037239		5	1.0	14	1
3	chr12:49037154-49037239		7	1.0	14	1
3	chr12:49037154-49037239		10	1.0	14	1
3	chr12:49037154-49037239		20	0.0	0	0
3	chr12:49037154-49037239		30	0.0	0	0
4	chr12:66057590-66057682		0	1.0	9	9
4	chr12:66057590-66057682		1	1.0	9	6
4	chr12:66057590-66057682		2	0.4444444444444444	4	1
4	chr12:66057590-66057682		3	0.4444444444444444	4	1
4	chr12:66057590-66057682		4	0.4444444444444444	4	1
4	chr12:66057590-66057682		5	0.0	0	0
4	chr12:66057590-66057682		7	0.0	0	0
4	chr12:66057590-66057682		10	0.0	0	0
4	chr12:66057590-66057682		20	0.0	0	0
4	chr12:66057590-66057682		30	0.0	0	0
5	chr17:7675038-7675131		0	1.0	18	18
5	chr17:7675038-7675131		1	1.0	18	1
5	chr17:7675038-7675131		2	1.0	18	1
5	chr17:7675038-7675131		3	1.0	18	1
5	chr17:7675038-7675131		4	1.0	18	1
5	chr17:7675038-7675131		5	1.0	18	1
5	chr17:7675038-7675131		7	1.0	18	1
5	chr17:7675038-7675131		10	1.0	18	1
5	chr17:7675038-7675131		20	0.0	0	0
5	chr17:7675038-7675131		30	0.0	0	0
9	chr22:16572071-16572170		0	1.0	645	645
9	chr22:16572071-16572170		1	1.0	645	101
9	chr22:16572071-16572170		2	0.9984496124031008	644	100
9	chr22:16572071-16572170		3	0.9023255813953488	582	69
9	chr22:16572071-16572170		4	0.9023255813953488	582	69
9	chr22:16572071-16572170		5	0.8031007751937984	518	53
9	chr22:16572071-16572170		7	0.6170542635658914	398	33
9	chr22:16572071-16572170		10	0.4806201550387597	310	22
9	chr22:16572071-16572170		20	0.10232558139534884	66	3
9	chr22:16572071-16572170		30	0.0	0	0
