All	all_regions		0	1.0	252877	252877
All	all_regions		1	1.0	252877	20310
All	all_regions		2	0.9924192393930646	250960	18393
All	all_regions		3	0.9673240350051606	244614	15220
All	all_regions		4	0.9576197123502731	242160	14402
All	all_regions		5	0.9281982940322766	234720	12542
All	all_regions		7	0.8803014904479253	222608	10438
All	all_regions		10	0.8202881242659474	207432	8525
All	all_regions		20	0.5812035100068412	146973	4014
All	all_regions		30	0.41136600007118085	104025	2184
0	chr1:146329370-146329429		0	1.0	10	10
0	chr1:146329370-146329429		1	1.0	10	1
0	chr1:146329370-146329429		2	1.0	10	1
0	chr1:146329370-146329429		3	1.0	10	1
0	chr1:146329370-146329429		4	1.0	10	1
0	chr1:146329370-146329429		5	1.0	10	1
0	chr1:146329370-146329429		7	1.0	10	1
0	chr1:146329370-146329429		10	1.0	10	1
0	chr1:146329370-146329429		20	0.0	0	0
0	chr1:146329370-146329429		30	0.0	0	0
7	chr2:32916224-32916411		0	1.0	6819	6819
7	chr2:32916224-32916411		1	1.0	6819	2870
7	chr2:32916224-32916411		2	0.8067165273500513	5501	1552
7	chr2:32916224-32916411		3	0.6319108373661827	4309	956
7	chr2:32916224-32916411		4	0.4497726939433935	3067	542
7	chr2:32916224-32916411		5	0.3224813022437307	2199	325
7	chr2:32916224-32916411		7	0.16864642909517524	1150	130
7	chr2:32916224-32916411		10	0.0640856430561666	437	36
7	chr2:32916224-32916411		20	0.0036662267194603314	25	1
7	chr2:32916224-32916411		30	0.0	0	0
8	chr2:32916335-32916612		0	1.0	43820	43820
8	chr2:32916335-32916612		1	1.0	43820	5287
8	chr2:32916335-32916612		2	0.9925832952989503	43495	4962
8	chr2:32916335-32916612		3	0.9569374714742127	41933	4181
8	chr2:32916335-32916612		4	0.930853491556367	40790	3800
8	chr2:32916335-32916612		5	0.8787311729803743	38506	3229
8	chr2:32916335-32916612		7	0.7717024189867641	33816	2383
8	chr2:32916335-32916612		10	0.6169329073482428	27034	1524
8	chr2:32916335-32916612		20	0.27987220447284344	12264	406
8	chr2:32916335-32916612		30	0.1250114103149247	5478	116
9	chr2:153222305-153222345		0	1.0	53	53
9	chr2:153222305-153222345		1	1.0	53	52
9	chr2:153222305-153222345		2	0.03773584905660377	2	1
9	chr2:153222305-153222345		3	0.0	0	0
9	chr2:153222305-153222345		4	0.0	0	0
9	chr2:153222305-153222345		5	0.0	0	0
9	chr2:153222305-153222345		7	0.0	0	0
9	chr2:153222305-153222345		10	0.0	0	0
9	chr2:153222305-153222345		20	0.0	0	0
9	chr2:153222305-153222345		30	0.0	0	0
10	chr2:215075526-215075583		0	1.0	10	10
10	chr2:215075526-215075583		1	1.0	10	1
10	chr2:215075526-215075583		2	1.0	10	1
10	chr2:215075526-215075583		3	1.0	10	1
10	chr2:215075526-215075583		4	1.0	10	1
10	chr2:215075526-215075583		5	1.0	10	1
10	chr2:215075526-215075583		7	1.0	10	1
10	chr2:215075526-215075583		10	1.0	10	1
10	chr2:215075526-215075583		20	0.0	0	0
10	chr2:215075526-215075583		30	0.0	0	0
12	chr3:179203725-179203813		0	1.0	28574	28574
12	chr3:179203725-179203813		1	1.0	28574	2085
12	chr3:179203725-179203813		2	0.9998950094491496	28571	2082
12	chr3:179203725-179203813		3	0.9734373906348429	27815	1704
12	chr3:179203725-179203813		4	0.9731224189822916	27806	1701
12	chr3:179203725-179203813		5	0.9399454049135578	26858	1464
12	chr3:179203725-179203813		7	0.9021838034576888	25779	1284
12	chr3:179203725-179203813		10	0.8548680618744313	24427	1115
12	chr3:179203725-179203813		20	0.5765731084202422	16475	518
12	chr3:179203725-179203813		30	0.351823335899769	10053	241
13	chr3:179210117-179210321		0	1.0	20886	20886
13	chr3:179210117-179210321		1	1.0	20886	1471
13	chr3:179210117-179210321		2	0.9999521210380159	20885	1470
13	chr3:179210117-179210321		3	0.987120559226276	20617	1336
13	chr3:179210117-179210321		4	0.9869769223403236	20614	1335
13	chr3:179210117-179210321		5	0.9593986402374797	20038	1191
13	chr3:179210117-179210321		7	0.9111366465575026	19030	1023
13	chr3:179210117-179210321		10	0.8513358230393565	17781	867
13	chr3:179210117-179210321		20	0.5175715790481662	10810	347
13	chr3:179210117-179210321		30	0.29684956430144593	6200	152
14	chr3:179210238-179210325		0	1.0	67176	67176
14	chr3:179210238-179210325		1	1.0	67176	2925
14	chr3:179210238-179210325		2	1.0	67176	2925
14	chr3:179210238-179210325		3	0.9916041443372633	66612	2643
14	chr3:179210238-179210325		4	0.9916041443372633	66612	2643
14	chr3:179210238-179210325		5	0.9804692151959034	65864	2456
14	chr3:179210238-179210325		7	0.9607449088960343	64539	2235
14	chr3:179210238-179210325		10	0.9362272240085745	62892	2029
14	chr3:179210238-179210325		20	0.776378468500655	52154	1244
14	chr3:179210238-179210325		30	0.6271436227224009	42129	822
15	chr3:179218252-179218354		0	1.0	35000	35000
15	chr3:179218252-179218354		1	1.0	35000	2414
15	chr3:179218252-179218354		2	0.9999714285714286	34999	2413
15	chr3:179218252-179218354		3	0.9746571428571429	34113	1970
15	chr3:179218252-179218354		4	0.9746571428571429	34113	1970
15	chr3:179218252-179218354		5	0.9492857142857143	33225	1748
15	chr3:179218252-179218354		7	0.9069714285714285	31744	1501
15	chr3:179218252-179218354		10	0.8598571428571429	30095	1295
15	chr3:179218252-179218354		20	0.5958571428571429	20855	608
15	chr3:179218252-179218354		30	0.40794285714285716	14278	326
16	chr3:179234245-179234331		0	1.0	48774	48774
16	chr3:179234245-179234331		1	1.0	48774	2748
16	chr3:179234245-179234331		2	0.9999794972731373	48773	2747
16	chr3:179234245-179234331		3	0.980706934022225	47833	2277
16	chr3:179234245-179234331		4	0.9806454258416369	47830	2276
16	chr3:179234245-179234331		5	0.960716775331119	46858	2033
16	chr3:179234245-179234331		7	0.9330790995202362	45510	1808
16	chr3:179234245-179234331		10	0.8991265838356501	43854	1601
16	chr3:179234245-179234331		20	0.698035838766556	34046	875
16	chr3:179234245-179234331		30	0.5294009103210727	25821	525
17	chr4:186619856-186619924		0	1.0	26	26
17	chr4:186619856-186619924		1	1.0	26	1
17	chr4:186619856-186619924		2	1.0	26	1
17	chr4:186619856-186619924		3	1.0	26	1
17	chr4:186619856-186619924		4	1.0	26	1
17	chr4:186619856-186619924		5	1.0	26	1
17	chr4:186619856-186619924		7	1.0	26	1
17	chr4:186619856-186619924		10	1.0	26	1
17	chr4:186619856-186619924		20	1.0	26	1
17	chr4:186619856-186619924		30	0.0	0	0
18	chr7:106101434-106101475		0	1.0	364	364
18	chr7:106101434-106101475		1	1.0	364	273
18	chr7:106101434-106101475		2	0.43131868131868134	157	66
18	chr7:106101434-106101475		3	0.17857142857142858	65	20
18	chr7:106101434-106101475		4	0.038461538461538464	14	3
18	chr7:106101434-106101475		5	0.016483516483516484	6	1
18	chr7:106101434-106101475		7	0.0	0	0
18	chr7:106101434-106101475		10	0.0	0	0
18	chr7:106101434-106101475		20	0.0	0	0
18	chr7:106101434-106101475		30	0.0	0	0
19	chr9:136498885-136498955		0	1.0	40	40
19	chr9:136498885-136498955		1	1.0	40	5
19	chr9:136498885-136498955		2	1.0	40	5
19	chr9:136498885-136498955		3	1.0	40	5
19	chr9:136498885-136498955		4	1.0	40	5
19	chr9:136498885-136498955		5	0.9	36	4
19	chr9:136498885-136498955		7	0.75	30	3
19	chr9:136498885-136498955		10	0.35	14	1
19	chr9:136498885-136498955		20	0.0	0	0
19	chr9:136498885-136498955		30	0.0	0	0
2	chr11:28749176-28749241		0	1.0	14	14
2	chr11:28749176-28749241		1	1.0	14	1
2	chr11:28749176-28749241		2	1.0	14	1
2	chr11:28749176-28749241		3	1.0	14	1
2	chr11:28749176-28749241		4	1.0	14	1
2	chr11:28749176-28749241		5	1.0	14	1
2	chr11:28749176-28749241		7	1.0	14	1
2	chr11:28749176-28749241		10	1.0	14	1
2	chr11:28749176-28749241		20	0.0	0	0
2	chr11:28749176-28749241		30	0.0	0	0
3	chr12:66057590-66057684		0	1.0	19	19
3	chr12:66057590-66057684		1	1.0	19	11
3	chr12:66057590-66057684		2	0.5789473684210527	11	3
3	chr12:66057590-66057684		3	0.47368421052631576	9	2
3	chr12:66057590-66057684		4	0.3157894736842105	6	1
3	chr12:66057590-66057684		5	0.3157894736842105	6	1
3	chr12:66057590-66057684		7	0.0	0	0
3	chr12:66057590-66057684		10	0.0	0	0
3	chr12:66057590-66057684		20	0.0	0	0
3	chr12:66057590-66057684		30	0.0	0	0
4	chr13:21298152-21298210		0	1.0	16	16
4	chr13:21298152-21298210		1	1.0	16	1
4	chr13:21298152-21298210		2	1.0	16	1
4	chr13:21298152-21298210		3	1.0	16	1
4	chr13:21298152-21298210		4	1.0	16	1
4	chr13:21298152-21298210		5	1.0	16	1
4	chr13:21298152-21298210		7	1.0	16	1
4	chr13:21298152-21298210		10	1.0	16	1
4	chr13:21298152-21298210		20	0.0	0	0
4	chr13:21298152-21298210		30	0.0	0	0
5	chr17:7675038-7675131		0	1.0	22	22
5	chr17:7675038-7675131		1	1.0	22	2
5	chr17:7675038-7675131		2	1.0	22	2
5	chr17:7675038-7675131		3	1.0	22	2
5	chr17:7675038-7675131		4	1.0	22	2
5	chr17:7675038-7675131		5	0.8181818181818182	18	1
5	chr17:7675038-7675131		7	0.8181818181818182	18	1
5	chr17:7675038-7675131		10	0.8181818181818182	18	1
5	chr17:7675038-7675131		20	0.0	0	0
5	chr17:7675038-7675131		30	0.0	0	0
6	chr19:10489739-10489826		0	1.0	26	26
6	chr19:10489739-10489826		1	1.0	26	2
6	chr19:10489739-10489826		2	1.0	26	2
6	chr19:10489739-10489826		3	1.0	26	2
6	chr19:10489739-10489826		4	1.0	26	2
6	chr19:10489739-10489826		5	1.0	26	2
6	chr19:10489739-10489826		7	1.0	26	2
6	chr19:10489739-10489826		10	1.0	26	2
6	chr19:10489739-10489826		20	0.0	0	0
6	chr19:10489739-10489826		30	0.0	0	0
11	chr22:16572069-16572170		0	1.0	1228	1228
11	chr22:16572069-16572170		1	1.0	1228	160
11	chr22:16572069-16572170		2	0.998371335504886	1226	158
11	chr22:16572069-16572170		3	0.9315960912052117	1144	117
11	chr22:16572069-16572170		4	0.9315960912052117	1144	117
11	chr22:16572069-16572170		5	0.8175895765472313	1004	82
11	chr22:16572069-16572170		7	0.7247557003257329	890	63
11	chr22:16572069-16572170		10	0.6335504885993485	778	49
11	chr22:16572069-16572170		20	0.25895765472312704	318	14
11	chr22:16572069-16572170		30	0.05374592833876222	66	2
